4.592218556155164000e+16
4.518176207675570400e+16
1.625568507026873600e+17
1.511475659446673600e+17
2.594901705200605440e+17
1.724631270873828160e+17
9.872043789757313600e+16
3.958536797718176640e+17
5.534753950045632000e+15
9.449537560587984000e+16
2.517150337684088640e+17
1.714214252778571840e+17
3.204625496561837440e+17
3.051239965189093120e+17
3.222503965175741440e+17
1.162429128468533760e+17
2.718896814531787840e+17
3.737021113344007040e+17
3.020302827742910720e+17
3.748441695388563200e+17
2.448866108206493760e+17
1.919153662398042560e+17
1.141905411692924480e+17
1.438359172344670080e+17
2.410867999339008000e+17
2.903865561302354560e+17
3.934416161010301440e+17
2.692065687066101200e+16
2.473616073767757440e+17
2.923415190260686080e+17
2.731863416220552960e+17
7.691152861605683200e+16
1.737880707868183360e+17
3.660312227658968320e+17
3.763916880918134400e+17
1.868396799257364400e+16
1.892231660519384960e+17
3.938110656141486720e+17
4.281338397255541600e+16
5.284749442985752800e+16
2.838051361487813600e+16
1.757127207933365440e+17
4.589239833668666400e+16
3.462032622780645120e+17
2.794037733020216960e+17
3.526028108056492160e+17
2.026010496241699840e+17
2.247572746203304000e+17
9.736327445429036800e+16
3.239318758190903040e+17
3.709753406916400000e+17
7.937192958154238400e+16
2.377830018969798080e+17
2.242086928835500800e+17
3.311691438766390400e+17
7.380252441403937600e+16
1.301303149032881120e+17
1.120793587901005280e+17
2.368109911560808000e+17
3.286974013744842880e+17
9.871894454361458000e+15
1.552733620607253440e+17
3.174196742943938400e+16
5.779232730290230400e+16
2.413931900738542080e+17
2.042856989548182720e+17
1.757549402069403520e+17
2.164590643634742750e+15
1.156092205146254080e+17
2.250670754502999680e+17
8.977642783907528000e+16
2.121002968346532480e+17
2.218177347131784960e+17
3.219719703881425920e+17
1.985903213975659840e+17
2.441587674901275200e+17
2.125828176509379840e+17
1.690270915019149120e+17
2.278041647727520320e+17
3.066688059502359040e+17
1.996267421596617920e+17
1.300401466256899360e+17
2.328182143135866240e+17
2.063147288844816640e+17
3.506682979070022400e+17
2.374059772069016960e+17
3.745169647826088320e+17
2.553944274726386560e+17
3.459386346711937280e+17
2.681511475855248960e+17
3.486045893216642560e+17
3.794121305387631200e+16
2.404721536658574400e+17
1.083322333581761760e+17
3.491573141886477440e+17
8.706023035146852800e+16
3.741938248771786240e+17
1.548878744445443520e+17
1.166599903521193600e+17
3.045020531267983360e+17
