8.499030464965314604e+04
1.768795311682307511e+04
5.633480638814114354e+04
4.615114532414773566e+04
7.396614290735626128e+04
4.862408397409482859e+04
6.908397439459616726e+04
8.136792561159783509e+04
8.745287322814905201e+04
1.775617654982184467e+04
6.436222107271808636e+04
7.178037421758187702e+04
8.848490532192205137e+04
1.704162865432947729e+04
2.831361727243349014e+04
6.814191209863970289e+04
6.546408019555253850e+04
2.985297861037256007e+04
4.918175588007966871e+04
7.952426074482436525e+04
7.938293149589547829e+04
8.270151602211682984e+03
4.086489657701247779e+04
9.371952676375269948e+04
9.456612907147967780e+04
1.240969500066403270e+04
3.435140383257323265e+04
9.879079980067876750e+04
5.479328089942077349e+04
3.816068904870041297e+04
2.572340120281527925e+04
3.578869575590848399e+03
3.857512737149318855e+04
2.884392181782735861e+04
8.330102043378214876e+04
7.810909108159973403e+04
4.985444804931794351e+04
5.941027529642229638e+04
8.130433444405060436e+04
4.306775949878449865e+03
4.233116056457190280e+04
8.837495120945120289e+04
9.586543667253288731e+03
3.796678511214948230e+04
5.556479288334585726e+04
2.446543447904436562e+03
9.993773963275842107e+03
6.177666151388352591e+04
3.599108480270516884e+04
8.309459180756857677e+04
6.619380567695916397e+04
3.044618582010508544e+04
4.378263061410666705e+04
1.550950592475982558e+04
5.354770660517728538e+04
4.520720052681495872e+04
4.335376601419590588e+04
7.678923366013936175e+04
9.313900442398546147e+04
3.183639256468554595e+04
3.748160106082069979e+04
5.396914442157451413e+04
4.868578278519077867e+04
9.231056884512628312e+04
8.067603769691188063e+04
9.726264532787143253e+03
4.218272737540789967e+04
1.149306653706863108e+04
4.449909577553602867e+04
3.042975627967301625e+04
7.585954241308507335e+04
7.147608395499027392e+04
1.004891566236825201e+04
4.063280045116361725e+04
1.621549414282098587e+04
8.737032499116467079e+04
9.401265611565964355e+04
4.449388535307708480e+03
9.898280400371966243e+04
2.643075369261801461e+04
2.096525873571949342e+04
1.335058105474695731e+04
4.797246491455366777e+04
4.493276001109441859e+04
7.431657783580149407e+04
6.277893636424836359e+02
7.293371400715708660e+03
5.543620459983974433e+04
1.960079285341131981e+04
2.090798056557543532e+04
4.899461386579772079e+04
1.691153979050977796e+04
7.798364029119840416e+04
9.525842261617524491e+04
6.481252965020218107e+04
3.812452989606786286e+04
5.164028430723310885e+04
8.829637024169745564e+04
2.192756056563687525e+04
6.860276697752457403e+04
