8.468168859471450195e+11
3.395383854267913437e+10
5.934590757788772583e+10
1.354753826995584229e+12
1.111872961751709473e+12
3.715799925849498901e+11
1.011283045800418701e+12
1.616221261347564697e+11
3.677527624656683350e+11
1.192894481337254150e+12
9.378877197195888672e+11
1.441943734316366455e+12
1.048442848561178467e+12
6.781529444215928955e+11
1.261278057241215088e+12
6.782457455512691650e+11
1.318150129985234619e+12
6.542151095817381287e+10
1.309397138234736084e+12
3.694683013486061401e+11
1.008034277686232178e+12
2.559866798038846741e+11
9.209024987530238037e+11
2.817719733592910767e+11
2.209657675662780151e+11
4.149233867895598755e+11
1.219823766248540039e+12
1.045326885119350952e+12
8.894888836757220459e+11
7.013454933139683838e+11
9.963774276749282227e+11
1.301100897002235596e+12
3.188280248428339844e+11
1.036427840686820068e+12
3.546571833161821289e+11
4.304078781450739136e+11
1.058719682007191895e+12
9.375672315225167236e+11
1.059661439921651123e+12
6.711576452688906250e+11
1.248413625454238525e+12
5.612510403791157227e+11
1.546162048999356689e+11
6.066772675608363037e+11
1.438764007550003418e+12
1.127909857444795410e+12
2.092148122314207764e+11
1.198742804126142090e+12
4.086406154839156494e+11
1.207611222557178223e+12
4.683696608594024048e+11
1.118305962605681641e+12
4.156475594094876709e+11
1.384606499809163818e+12
4.597889571522261963e+11
7.328845532580195312e+11
1.451897607012099365e+12
2.912595664042105713e+11
8.760465181318103027e+11
2.660083661369377136e+11
8.740534304588350830e+11
1.127632309450343262e+12
1.202648306360189667e+11
3.424060945918128586e+10
1.626157181913053284e+11
1.034032062993731689e+12
1.309912509310304932e+12
4.852657656358701172e+11
1.265889793011712158e+12
8.001999735066068115e+11
4.586206224688045044e+11
1.431865759599877441e+12
3.488801060290102539e+11
1.246193037030951660e+12
1.346975988731700928e+12
7.757780593758024902e+11
6.074123315426350098e+11
6.132287998474432373e+11
2.486905842136012268e+11
8.358087849043383789e+11
9.536054327774953613e+11
7.920517297184731445e+11
1.662844474634756470e+11
4.723791389435527954e+11
1.078003339204478607e+11
1.011063795973727905e+12
6.962423253001214600e+11
2.340251829608116150e+11
4.309601817385449829e+11
3.962974704023718262e+11
1.076823625978711304e+12
7.003963996909256592e+11
8.776035510384727783e+11
5.853295906459289551e+11
8.391682923629254150e+11
2.691534983068360291e+11
7.215018723677941895e+11
1.438515129298293457e+12
1.358965779904149170e+12
1.277381288848658203e+12
7.982219665378276367e+11
1.172389772336210693e+12
1.411858433316244629e+12
3.675370713556799316e+10
2.117879011019302368e+11
1.346955410629112549e+12
6.851316195668873291e+11
7.471677106925457764e+11
6.613414800823435211e+10
8.853815838250118408e+11
1.439399455200075989e+11
1.431391244477408203e+12
1.000425614039842773e+12
1.369746337620201172e+12
1.096028759444010742e+12
1.459416890472442383e+12
5.983774981495582275e+11
8.930367261697244873e+11
4.000424452267745361e+11
7.946732586010313721e+11
1.195601767184406982e+12
1.385242083848031006e+11
7.818514891575252686e+11
2.268018845461196594e+11
6.562371055624034424e+11
8.840286138298271484e+11
4.839920452722329712e+11
9.254311828143332520e+11
1.041120946485823608e+12
1.373176577993610840e+12
6.540019600431706543e+11
6.770673902231018066e+11
9.492363927010571289e+11
1.148527404412631348e+12
9.736502186946177673e+10
1.163613893096705566e+12
4.756520026361091309e+11
1.465770578219548584e+12
1.127424904314923828e+12
8.653882875659039307e+11
1.594625244149520302e+10
8.481377387202415771e+11
7.029669035707931519e+10
1.221930493568251709e+12
1.183602320239372559e+12
2.538552215545858765e+11
6.860673962055548096e+11
9.777706619646848145e+11
1.426838430863540283e+12
1.181019244570115234e+12
1.208916078912624023e+12
6.560212330314628906e+11
8.192827932723135986e+11
1.408114167128610840e+12
1.452544104677695312e+12
5.206901899692390747e+11
3.530748695935971680e+11
7.065915363113649902e+11
1.068883932433276245e+12
8.704031969543664551e+11
1.038977477979928101e+12
6.129537400390296631e+11
5.628437656834924316e+11
4.680758001287973633e+11
4.897192321914820557e+11
1.004044852812982056e+12
7.262320464800570068e+11
9.770233839719209290e+10
7.771322704415048828e+11
1.118354862838943939e+11
6.454843891553144531e+11
1.081891430051680054e+12
1.303069011990825195e+12
1.206935299958006348e+12
3.652226531312836304e+11
4.003440832550651245e+11
1.431926417918129150e+12
1.327527295161219238e+12
1.304063101050555908e+12
1.168889007541301270e+12
1.253178316832163086e+12
7.253902388104722900e+11
1.162295090831578857e+12
1.657716034646686096e+11
1.183461029752650391e+12
1.276729896506734772e+11
2.328412444969264832e+11
9.495639649563547363e+11
1.336978212365673828e+12
4.445917611206558228e+11
1.293996280185701660e+12
1.472983342658562744e+12
9.103484406167072754e+11
9.072108248388793945e+11
2.159170446928149109e+11
1.336549655340413574e+12
9.416334029361662598e+11
3.323403258558760986e+11
4.360591225789949341e+11
1.232471503894256897e+11
