1.307717109480374240e+17
2.330586007480971200e+17
1.461938793959506560e+17
7.087638437602724000e+16
3.358095146350250880e+17
2.596587794926300480e+17
2.406673142046155520e+17
9.589111325282072000e+16
2.227451942670763200e+17
3.656318464131470720e+17
2.051064740037245120e+17
2.212662617584164800e+17
1.929900457323963200e+17
2.279908249400016960e+17
1.485471428967981440e+17
1.583576865282042560e+17
2.682523608337777920e+17
3.666619266343825920e+17
3.948040704775880000e+16
7.450511226885004800e+16
1.752548403350919360e+17
3.700770913263393280e+17
3.310318496756398080e+17
1.687024504807236600e+16
3.018258895645300480e+17
2.426943540478159040e+17
8.280395116402969600e+16
3.347180853704786560e+17
1.626349574575162880e+17
2.155170681007794880e+17
3.888466565477283200e+17
3.794147673921929600e+17
3.398667100115190400e+17
3.230507896876500800e+16
8.022919619959184000e+16
2.373319427724701120e+17
7.126477744272864800e+16
3.254920059639430400e+17
4.951993510755172800e+16
1.407618649420163360e+17
3.536760644153857280e+17
1.548564877332737600e+16
3.188364959230293120e+17
3.061497882403480960e+17
1.379918216033000800e+17
1.776540922258317440e+17
1.769482658736453440e+17
3.210485061283061120e+17
1.106545121650203200e+17
1.011967257167458880e+17
