4.818816107204294319e+00
5.774080518993736533e+00
1.287268943374313190e+00
5.005301375667724706e+00
4.843568492318565788e+00
3.851088087759714007e+00
2.604039673115575937e+00
5.621250879427612368e+00
2.188558887042216128e+00
4.933049737863468565e+00
5.962817766419484578e+00
4.883229551011264213e+00
4.190953046474755084e+00
5.051555360054054589e+00
2.951372735188539931e+00
2.223700612301164892e+00
1.307741761516552186e-02
9.205231534707098984e-01
8.559970302610466764e-01
5.731557025747990863e+00
5.264948748668521472e-02
2.922528148371696499e+00
5.283346424835583477e+00
1.859658041030990139e-01
1.019112096654371635e+00
2.198735235184890335e+00
6.163926043047125880e+00
1.208803892750550252e-01
1.821568908311789192e+00
6.182761996871483312e+00
4.282229496131976454e+00
6.978370409809950825e-01
1.386863531690081919e+00
5.440485785894358273e+00
1.092702067997737947e+00
3.827603957017081893e+00
5.648689872535213929e+00
5.691879903892448134e+00
1.273932841321495868e+00
5.558002426686683428e+00
6.430540909821694795e-01
6.107916568580268546e+00
3.260768903329549051e+00
2.156307703782654350e+00
4.602287190707589071e-01
1.057830951562671817e+00
1.183729212074914550e+00
6.056127227406412850e+00
3.694281300898197617e+00
1.340803104946664437e+00
