9.626842214858421357e+04
2.013159565999222832e+04
8.870341407535427425e+04
3.836025908955160412e+04
5.603685940698671766e+04
2.808709260544439530e+03
7.881594020481135522e+04
1.358926968785313511e+04
7.311257834850803192e+04
9.863087404221437464e+04
7.450442693574413715e+04
3.337783400023986906e+04
1.919708416734332786e+04
3.085127461884552758e+04
8.704942057558306260e+04
7.965572797677095514e+04
3.204843283381227957e+04
3.609172254959702514e+03
8.789914637062077236e+04
4.253091080888149008e+03
8.815834254642474116e+04
2.862202114918688312e+04
6.032355679275756847e+04
6.953512260789128777e+04
2.553868399426140240e+04
9.469016758339494118e+04
4.586732486525436980e+04
4.343370369698465220e+04
9.578545019006502116e+04
6.826064640681759920e+04
5.329159925458186626e+04
8.351732569912067265e+04
9.447633689578423218e+04
4.324682923577757174e+04
4.499828186785789148e+04
1.511025852179066533e+04
1.545710193310165778e+04
3.106901391331952982e+04
1.536499879273422994e+04
6.561409953889393364e+04
2.786299458246403083e+04
8.960664576058385137e+04
8.531825572466242011e+04
8.691730130275069678e+04
3.571490492986309982e+04
1.836836054843188322e+04
1.165328202146863623e+04
6.573158848203740490e+04
7.005606266916188179e+04
1.087289174442015428e+04
