4.361253149466463623e+11
8.725224217578906250e+11
1.020258703725197510e+12
1.472466773864045166e+12
3.179964251093916702e+10
1.226182719967554199e+12
5.802132125516583252e+11
8.058337785354118652e+11
1.436856563021661865e+12
7.127876075008015137e+11
2.751499370215020752e+11
9.506839841788881836e+11
7.947376661999645996e+11
1.441431340802786621e+12
1.445675190207105713e+12
1.087273654331638794e+12
5.302815997048225708e+11
1.132541584795325195e+12
4.591856194020037079e+10
1.112923781527183838e+11
1.035610196237495483e+12
1.342049330309120178e+11
7.796812612236240234e+11
1.713864099782590942e+11
2.869625250417642822e+11
1.040083204616036835e+11
1.217039395493630859e+12
1.881465185372760620e+11
4.978621118071630096e+10
5.971528439280495605e+11
1.430091787498314209e+12
1.679461651145115051e+11
3.178105461777877197e+11
1.271432736772877930e+12
4.302326926446065674e+11
9.123780243202470703e+11
1.374256189402899902e+12
1.255363395783524658e+12
3.368981491507890015e+11
2.574885825560344849e+11
9.170921805920119629e+11
9.458917490982690430e+11
2.956494407993658447e+11
2.691213779108230591e+11
8.907959640112963867e+11
4.083070227591613159e+11
2.701422508348071594e+11
4.780925533369583740e+11
1.295767386276893555e+12
2.392600558831657104e+11
7.497906477213944092e+11
8.698872986679698486e+11
7.564976347191007080e+11
1.017446468134349731e+12
9.868012540069851074e+11
1.002028031014238892e+12
2.171938444791444397e+11
8.659806984265187988e+11
9.508159501441127930e+11
1.285954164640375732e+12
2.812261280691172485e+11
1.451526628970394775e+12
5.945439830743265381e+11
9.958049914827675781e+11
9.969977629699879150e+11
9.605564254381883545e+11
3.864333029566571655e+11
7.170555619789482422e+11
7.316548450295588684e+10
1.305644103204904785e+12
8.259494052411844482e+11
2.409247730735155029e+11
1.160674201810410004e+11
1.095316907134621826e+12
1.426449469654992676e+12
1.380321640260919678e+12
1.054589807309104370e+12
5.218471318703007202e+11
6.055392731833084717e+11
4.063376186494837646e+11
1.027897514208625793e+11
4.115106228849541626e+11
8.915901444867935791e+11
7.710579214178074951e+11
7.646330090474179688e+11
9.747328436994284668e+11
4.327874581858215332e+11
6.024056012047303772e+10
5.065528741017155151e+11
6.450443510322569580e+11
7.992076013479278564e+11
8.569497597836938477e+11
9.325927405144744873e+11
2.214682236919921265e+11
4.202133441749556885e+11
5.116983770140850830e+11
1.403101952191896484e+12
1.404698911915245667e+11
1.394309335196504883e+12
1.302520302708444580e+12
