2.110362580223261730e+00
2.201551158475484993e+00
1.522981460389110087e+00
1.542443186569979252e+00
2.391255915785300168e+00
1.587933181687414930e+00
5.140494234517053229e+00
7.622513554766752186e-01
4.427576731889215633e-01
4.101605980789371664e+00
4.497815324990238395e+00
5.774389936788419497e+00
4.619688092028714443e+00
6.265619435109206492e+00
4.204202971461381000e-01
4.152330282752600965e-01
4.034673669959984110e+00
3.566891218284494958e+00
4.753827806845425386e+00
2.511587125134161713e+00
8.321990608604351580e-01
8.234283865286667892e-01
1.529034804986504126e+00
4.184023867581757372e+00
2.099697167536481501e+00
1.357897581803198861e+00
1.077069388682427298e-01
5.507220097478569443e+00
2.675703659622738484e-01
2.752838573324715821e+00
1.874915197256442900e-01
1.044095055479999035e+00
5.210686914600873187e+00
5.105617450560250958e+00
5.565968276089794387e+00
1.392846142208294669e-01
1.478209294191363599e+00
7.655070970218021964e-01
3.747078556715984998e+00
5.330470678246094884e+00
2.549786173040738291e+00
5.061785942790024251e+00
1.220671717786708355e+00
2.334815152687637951e+00
4.028887477386054350e+00
2.823322466753720450e-01
3.865859141101575691e+00
4.340617394226695680e+00
2.881531300574566856e+00
4.893172864854052229e+00
4.619345027120012936e+00
4.968560990891129237e+00
5.413548418633875592e+00
4.093896125031224464e+00
4.869379263929013213e+00
5.826338574694765349e+00
2.956535855389973211e+00
7.610870972164280879e-01
6.223645999872450041e+00
3.735625502043000257e+00
6.046667177797668380e+00
3.264325738585996284e+00
2.182922686667730261e+00
1.947060448898575880e+00
5.622889887185190894e+00
2.032104468730899782e+00
5.906972631972599252e+00
1.230516167263131955e+00
9.746927992941245567e-02
1.420541636040425271e+00
2.516423720447451551e-01
5.674187097422032089e+00
6.164090110743683404e+00
8.006259757475374661e-01
3.576618818495898910e+00
6.135743783200627632e+00
2.028645762759144322e+00
1.640338087798243194e+00
6.104271769413701421e+00
3.712218168496761894e+00
4.123001016227452631e+00
3.005917585925844460e+00
2.326677259385961705e+00
1.678549026711852188e-01
2.417408152082018091e+00
5.993601082814656422e+00
1.161566893713637416e+00
1.632540041637207340e+00
6.103533497661669749e+00
2.048674323786547014e+00
4.517497715381294299e+00
5.890444066080195995e+00
2.756149992992220632e+00
4.839529819327266225e+00
2.718756282331769469e+00
2.522870234132172929e+00
5.827015754193759278e+00
2.540862379172828422e+00
1.888197203930905399e+00
2.348193575278552547e+00
