3.246547006361747840e+17
8.920803273308606400e+16
2.451146217889606400e+17
2.375798766588712960e+17
1.023350573992507360e+17
2.046069501418181120e+17
2.085436592028608000e+17
2.862599761244104800e+16
8.241551399839603200e+16
3.952613016328398720e+17
7.584561034823728000e+16
3.380722558067326720e+17
1.408215396399127840e+17
3.166893986183313280e+17
2.721822772412166080e+17
3.203800644532211200e+17
2.667688883850203840e+17
3.337442922415528320e+17
6.655720704011723200e+16
2.148907950338068800e+17
2.257124351045404160e+17
1.593747790983910720e+17
1.436600418690131840e+17
1.474686936383422720e+17
1.150412410388105920e+17
1.841560614348737280e+17
3.306961181999505280e+17
3.064350153286132480e+17
3.284640457476009500e+15
3.643967184417572480e+17
2.673724472069936000e+17
3.802088191138812160e+17
3.508880378861779200e+17
6.156217406854951200e+16
6.659380828879071200e+16
1.910271370113688960e+17
2.985769454386870400e+17
1.703358794371910720e+17
2.379628224190065920e+17
1.140532821935555680e+17
8.691972502730393000e+15
1.246810117294118080e+17
1.023824277170324320e+17
3.489888574169409920e+17
2.235280532876770560e+17
2.296432439451278000e+16
1.882757309561471360e+17
2.898225466578524800e+17
3.726759368938656000e+17
1.520700075091361920e+17
3.263616366924112640e+17
1.384493966867596800e+17
3.626655067629840640e+17
3.614985211611172480e+17
3.733579916645547520e+17
2.578024648686729920e+17
2.277658883552708160e+17
1.579493523616592960e+17
3.043805818112821600e+16
8.086730795043672000e+16
1.397968702307355520e+17
2.273577042995042240e+17
2.788768930161591040e+17
2.628407192625532480e+17
1.874111168338115840e+17
3.793225975266555520e+17
4.744520119282550400e+16
9.780773195274790400e+16
3.612355149718518400e+17
3.207144000476215680e+17
1.607574355445776000e+17
3.070307735950532480e+17
2.800900748426563840e+17
5.913385567528835200e+16
3.817504195283797760e+17
3.934586501641401600e+17
6.829760633976332800e+16
2.146189525752928000e+17
1.278043295674805920e+17
1.180013739705644400e+16
2.650548514603285120e+17
3.067479993155952640e+17
1.050374187009714720e+17
5.855161348003050000e+15
1.964834045024470080e+17
3.120191524397621120e+17
3.971449137621291520e+17
1.886877085315328320e+17
5.568526478212612000e+16
2.523500879098014720e+17
3.645649067749708800e+17
3.323521987828057600e+17
1.111742055044736800e+16
2.788555001419068480e+17
3.455709539056599680e+17
1.368021757245817600e+17
2.681343895820972480e+17
1.781562247470424320e+17
2.675856210113579200e+17
4.225270600854227200e+16
1.150195523745782000e+16
1.858550471260905920e+17
3.706462041437576960e+17
2.831078854067014080e+17
1.990910414761726080e+17
2.479054318513451840e+17
1.889555453525905280e+17
2.706565446084126080e+17
2.000178091064147520e+17
3.690159154674339840e+17
7.882168517124624000e+16
2.875881212291423040e+17
1.919487568952055040e+17
2.971657395604408320e+17
1.594537840777722880e+17
2.594370993884701760e+17
1.004243926052236200e+16
5.128090050565414400e+16
2.134321586368282560e+17
1.812560717724882800e+16
1.470056230819043400e+16
2.370635056445296960e+17
3.582374703975051600e+16
3.559015043043878400e+17
1.655667837591927680e+17
2.617734348201313280e+17
1.605759720036460480e+17
3.165840403631326800e+16
3.877278294717512320e+17
1.322126616345520160e+17
2.205833646750202240e+17
3.739158752820866560e+17
1.773461069378809600e+17
1.036097994779105760e+17
1.348637460699552000e+17
3.107314973836645760e+17
3.747718353227615360e+17
3.184284920556448000e+17
3.141770120922796160e+17
1.770941295750655600e+16
9.810341779650782400e+16
3.091523146862368640e+17
3.143739225590858880e+17
5.556978874230084000e+16
1.317798277217907360e+17
3.168058754705178880e+17
3.927182536905345920e+17
3.808910221037519360e+17
2.946181049293305600e+17
9.687922619399032000e+15
3.437675130893617280e+17
6.660448702875380000e+16
1.969782610439121600e+16
2.390546221379688320e+17
8.642639712530873600e+16
2.810337709865210560e+17
6.766844918988235200e+16
2.262245532082585280e+17
1.965422703898354880e+17
1.612375801507198400e+17
4.662708093878607200e+16
1.454196274182061440e+17
3.472657407693508480e+17
2.482080727760883520e+17
2.481761242932458240e+17
1.368022533265624400e+16
9.658889556806211200e+16
1.916631696970486080e+17
1.162430584898228320e+17
2.981887993573804160e+17
9.583910703038166400e+16
2.658288209791061600e+16
3.966484031444028800e+17
1.532181627945969920e+17
2.976741335981027200e+17
2.987685195786500800e+16
6.191257477317260000e+15
1.238798226770833600e+17
3.669381911889180800e+17
2.208497399083720640e+17
2.054086689865058240e+17
2.677507637105491520e+17
3.059229705571649920e+17
5.935758528786727200e+16
2.819491354048943200e+16
3.576992869660099600e+16
9.678617406843872000e+16
4.968319457180001600e+16
1.216296268142712160e+17
1.917970814065800960e+17
1.935702368939496640e+17
2.088536975890649920e+17
2.831400783183380800e+17
7.381380375231921600e+16
2.220676974718128640e+17
1.669324863723123520e+17
3.348655734364404480e+17
2.413230286393708480e+17
2.190034184626260480e+17
2.368729887682629440e+17
