2.788184552536784100e+00
5.710329216195612290e+00
3.882291685119677371e+00
2.182686206396638351e+00
5.258466309616412815e+00
1.650407387373405088e+00
4.475552719111469457e+00
4.855112176651900313e+00
3.095906095029375305e+00
3.463911046807664817e+00
5.360465613822795738e+00
2.883271028189725027e-01
2.438308719636969712e+00
1.512075213003452268e+00
9.712749714651025545e-01
1.561579666416396561e+00
3.078647305977472381e+00
4.122753809425686811e+00
4.796883521682003604e+00
3.351190857156446601e+00
7.388008050443668484e-01
2.185423999283581331e+00
4.097884632316922016e+00
5.550228891765875083e+00
1.648353941998963235e+00
1.755019050622121934e+00
5.008947247306290151e-01
1.707829368725408692e+00
5.355014712338742378e+00
5.628586042747653062e-01
4.017262294556702251e+00
3.596724620218005430e+00
2.156773810391181989e+00
3.805096535469825625e+00
4.266887771421946418e+00
4.114012861523468345e+00
7.095261110346717803e-01
5.398206582622880667e+00
2.468873589517023959e+00
5.249936857226211728e+00
1.657742127720033931e+00
1.518068692466886249e+00
7.987896572348408553e-01
1.738139061541051023e+00
5.135887462585739804e+00
1.058390036127469236e-01
2.633884563511252441e+00
3.712266488659710095e+00
4.434324176667372441e-01
1.137702195292311425e+00
3.454945727248181164e+00
9.835864357976975558e-01
3.932924610960469858e-01
2.993178749610216904e+00
9.525396122545213284e-01
3.127690370888519311e+00
2.962101146212734903e+00
2.061213560560937630e+00
4.634743493312903695e+00
3.929462308794614778e+00
4.574839398562568604e+00
3.832144120852445379e+00
6.019874726196615677e-01
6.149569188790923846e+00
3.527536409366751613e+00
2.175978139582620319e+00
3.396668570216095695e+00
6.244323695555063836e+00
1.100910819656729656e+00
4.420806612247974776e+00
1.913851463102548056e+00
8.962325186763416829e-01
7.005806147759625624e-01
2.375784795649924508e+00
1.186566475902487650e+00
6.005024635252477871e+00
3.588823420459680502e+00
3.461500299865241548e+00
5.978433801388334246e+00
5.078397473027391307e+00
9.976020611054187137e-02
3.828982507257838730e+00
4.592488071716071651e+00
3.717303603885810936e+00
4.798505119017899112e+00
2.840184089810813273e+00
6.067347203210514905e+00
3.433078833392757101e+00
3.956149127260710774e+00
5.197770291135237031e+00
4.945270486071184024e+00
6.821946127635439838e-01
5.659247898417866018e+00
1.649155875456333797e+00
2.740144856031077492e+00
2.700739504006925085e+00
2.422737122280680833e+00
2.253827648624276314e+00
4.728099814924293653e+00
3.446181784737681664e+00
1.933658305974239044e-01
5.805977200781682335e+00
1.957143204918752488e+00
2.234131342530877529e+00
5.793117705280119267e+00
2.371087247483542271e+00
2.202257871665745659e-01
1.230397137880724800e+00
3.801806796784942044e+00
1.145424795389367478e+00
3.065223416936860623e+00
1.298545920907506535e+00
8.399704129632595828e-01
4.561214091264493398e+00
3.075511072085884923e+00
3.762268931373994318e-01
1.050514560436012435e+00
1.221377476082853741e+00
1.286768604301850916e+00
1.505051249448289941e+00
4.124222288695831296e+00
5.971220691229148336e+00
7.842162294201944217e-01
2.290775117209885359e+00
3.270363305647554952e+00
3.652842322804014774e+00
4.927521145317064755e-01
5.357019238169494102e+00
1.366267284035012519e+00
1.727480685661793913e+00
2.481171061200531103e+00
4.032520341580007717e+00
5.503832716292579086e+00
6.245398031485031254e+00
1.691396398677420532e+00
3.689754789674065893e+00
2.132728490226359075e-01
4.788981111915266098e+00
5.236391319026195035e+00
1.647055227326245541e+00
3.092799746998138935e-02
8.346163769966411516e-01
1.978668976779646815e+00
3.863272943630554845e+00
5.628746547254992905e+00
4.441259221876197039e+00
4.607740716389804980e+00
4.009952643341310186e+00
4.840042766768076099e+00
5.572831211725635114e+00
9.386243662339512905e-01
4.915273448148150592e+00
5.908673220618686273e+00
1.170431411177343506e+00
1.081381945611879170e+00
3.409719606750551524e+00
5.984204521314314462e+00
1.189180525660436416e+00
4.035275360061036931e-01
8.323748052740902459e-01
2.296676550704632280e+00
2.174437308163976734e+00
1.709758783630854539e+00
5.229354716365257616e+00
1.404268218829483938e+00
2.384660247835462599e+00
4.427509170402324834e+00
5.565312948423170702e+00
1.137130568016911092e-01
9.786866358137639166e-01
2.283415120318976754e+00
1.259519077009261023e+00
4.810276555855261371e+00
5.187154184864161799e+00
1.651977202293995793e-03
4.664125527307064201e-01
3.366254163047300629e+00
2.099115122827112767e+00
3.529444376585159304e+00
4.278409513134779907e+00
2.572729465417729955e+00
5.674513131121906362e+00
2.642025522774575294e-02
3.889511519982331134e+00
5.766687035489974633e+00
3.545268629391056692e+00
1.882506876566941045e+00
2.706764287803200997e+00
2.064118830827911477e+00
2.733433277289614161e+00
2.191946078507125861e+00
2.110639620925538029e+00
2.830131071142736765e+00
3.557295971257262712e-01
6.171239513405454957e+00
4.084102233659910652e+00
2.554388562447003630e-01
1.823045903418585301e+00
4.064347297238293244e+00
1.311288731916015582e+00
