5.334042426989121304e+04
5.318391626378492219e+04
1.055147023794167353e+03
3.669587752543426905e+04
1.444676397478025137e+04
8.994536878919025185e+04
3.390206373512505706e+02
9.787506088028592058e+04
9.017198544436738302e+04
1.699471079644201382e+04
6.591295971971597464e+04
3.620812139823332836e+04
3.655115955748461420e+04
4.625138596416141081e+04
1.989864697846553827e+04
1.584859377087544090e+03
3.953130359532535658e+04
2.247031405930604160e+04
5.283894438541405543e+04
4.328396309457161988e+04
1.561750921543592085e+03
8.760230706277865102e+04
6.948166397598660842e+04
4.065220338626718149e+04
6.342556794041376270e+04
1.618069158960370078e+04
7.241443125820053683e+04
9.766976755996258362e+03
5.214465730122126843e+04
4.489962891311113344e+04
6.831170113196868624e+04
9.547013787141554349e+04
4.394962539622569602e+04
8.897503410923930642e+04
4.765879051546873234e+04
3.034477692297386966e+04
6.799169743406253110e+04
2.653342735946129324e+04
9.649283480445797613e+04
8.795080742119149363e+04
3.388868679580727621e+04
8.819834337103617145e+04
6.870055205297976499e+04
5.622702830393332988e+03
7.191614798079845787e+04
4.501845433737666463e+04
2.630461628181995911e+04
5.142409067852775479e+04
7.283028332769512781e+04
1.578940320272168719e+04
4.147551374213599047e+03
8.709811469627068436e+04
8.721342989916048828e+04
1.027466447388571942e+04
9.508417102130086278e+04
4.075484573456098587e+04
7.291173124233011913e+04
8.615576063345307193e+04
8.084721429290354536e+03
2.310318562492925776e+04
8.893924825600917393e+04
7.756306111603447061e+04
4.074681453267614415e+03
1.586927083871117065e+04
2.168145802514883690e+04
6.597506505397736328e+04
6.518811384398636619e+03
9.906229337266835500e+03
1.337392657020386423e+03
8.540848363121023795e+03
3.315692805930910981e+04
1.921833298232611560e+04
7.767822292527749960e+04
2.415893708762875031e+04
6.548022676586164744e+04
2.545795411188705839e+04
2.801985241409529408e+04
5.635481020714020269e+04
1.173758899031571855e+04
8.656620180873166828e+04
4.709007187592103583e+04
4.434276401798635197e+04
8.414581600757813430e+04
2.212989807696654680e+04
6.507646807209042163e+04
7.644369172718934715e+04
8.694619167326933166e+03
4.856986405648409709e+04
3.700368279460967460e+04
8.363621628757414874e+04
2.474823648086587127e+04
6.700452669534558663e+04
3.097756402094484656e+04
8.514388529235224996e+04
4.035669415382251464e+04
9.785922910214053991e+04
3.043798120398088940e+03
2.266514654417626298e+04
4.465840450590031105e+04
7.389426908139473198e+03
9.188402696971055411e+04
3.281170435021413869e+04
6.514067092829286412e+04
2.352989441863129287e+03
2.477673803263400259e+04
4.628536296357356332e+04
1.572673136828745919e+04
7.362792969500666368e+04
7.136838457557701622e+04
8.225312791254722106e+04
7.711361352154776978e+04
3.943797779386158800e+04
8.481882133043128533e+02
3.331142645773540426e+04
2.039084528543403212e+04
7.606085043423401657e+04
1.795144774000478947e+03
1.756039676001617045e+04
9.732672442923273775e+04
5.693471117806420079e+04
2.004394336963400929e+04
6.938745051061749109e+04
6.516451066695488407e+04
7.141167502288622200e+04
7.067955373427098675e+04
7.604996255102728901e+04
2.406051008544527213e+04
5.511678460314667609e+04
5.175396898054437042e+04
4.927107969698408851e+04
4.023603345275444735e+04
9.850405565865915560e+04
4.765158857564946084e+04
4.327550589748669881e+04
3.309062158915242617e+04
9.960197117820818676e+04
3.863869577432031656e+04
1.403120632163830123e+04
9.558663090978197579e+04
5.612426244820202555e+04
6.438869565527045052e+04
5.508999722113177995e+04
8.621243496438620787e+04
1.492479276465788098e+04
4.369242878697284323e+04
4.965335586475956370e+04
1.355704401198523010e+04
3.626439314991376159e+04
5.735865568625868764e+04
7.960959910522539576e+04
1.145216846239971346e+03
5.748479260930827877e+03
1.972095389699755106e+04
1.326760816819811953e+04
1.494156134118955924e+04
5.654264830333557620e+04
3.126567018995940543e+02
3.746327390104369260e+04
5.428123452041835117e+04
4.424512500424252357e+04
9.690135812161024660e+04
2.803771281056000225e+04
6.779290009081434982e+04
3.152511957705268651e+04
1.405028212460812711e+03
2.188552143713105033e+04
6.262147881046200928e+04
5.694544564536360122e+04
4.935491034742168267e+04
4.931454245131531206e+04
4.280546290509042592e+04
5.554869315940517117e+04
4.470674021935296332e+04
5.718459015938527591e+04
8.439803673792522750e+04
3.599848637070539553e+04
3.718332563845556433e+04
4.330896307829095167e+04
2.140103232707757343e+04
5.889225172309375921e+04
3.724533027223502722e+04
3.705769956691643165e+04
1.692605593444298574e+04
2.911058558383474883e+04
7.029730230482588922e+03
6.646626746492333768e+04
8.327126513107071514e+04
4.561113175572145701e+04
8.344956205167525331e+04
5.489317890081701626e+04
7.294356937265447050e+04
3.689354671424620756e+04
1.438238939196472165e+04
6.292330697879345826e+04
1.344490927143922090e+04
8.696751202983604162e+04
3.481860118378548214e+04
3.853623207036993699e+04
4.181143652633056627e+04
5.662343087865774578e+04
