1.008466454233682495e+12
8.189965395176846924e+11
5.386091476755795898e+11
1.375248841405837708e+11
4.052460781696347656e+11
5.412751512140044556e+11
1.019785170480209106e+12
1.329369261682564209e+12
1.242284159586183350e+12
5.268830589762006836e+11
8.403089886754704590e+11
1.026685919934898193e+12
2.185266154391958313e+11
1.405133754871985596e+12
1.293277666001557373e+12
1.278607320366079590e+12
1.417432118308714600e+12
2.752060730356771851e+11
7.093661145495476074e+11
9.989491149215260010e+11
6.340814580979956055e+11
3.788239604329065552e+11
6.136577215933857727e+10
6.258586475295051270e+11
1.599902404495132141e+11
1.561579703568266602e+11
7.103068331121330261e+10
1.302037761610367584e+11
8.664955000561987305e+11
1.446574911382547363e+12
1.131013389237581055e+12
4.061201905448176880e+11
5.901062600299974365e+11
1.116575644978248779e+12
8.634259418989954834e+11
9.502502017566619873e+10
7.048234958278707275e+11
7.759963315458800049e+11
5.811800203237100601e+09
6.306155229653751221e+11
1.133165474700094482e+12
6.769432298851550293e+11
1.316328006704657227e+12
2.020269482837143250e+11
1.405227949115659912e+12
9.476773764216486816e+11
1.327419839722183838e+11
5.072811515924872437e+11
4.181932785344719238e+11
1.462943108388746582e+12
